-4.699559144827289425e-01
-1.870195375879046829e-01
-5.110428545120285909e-02
-6.381122175373232785e-01
-3.647691861886974696e-01
5.252442351028395739e-01
-3.919717259296147671e-01
4.888432752461944197e-01
-1.266814697951164082e-01
-5.018424859628903834e-01
3.320005623239855042e-01
-2.358327797094761716e-02
-3.389477115035448018e-01
4.937644178218563717e-01
-3.502783163660487808e-01
-5.675807758960108584e-01
3.068151213090688501e-01
-1.054758060782931411e-01
-2.605045163684606147e-01
4.136331903222103534e-01
-6.630172150732556446e-02
-1.743047745068232179e-01
2.847300406981065346e-01
-4.946300095671676139e-04
5.826425108460622226e-01
2.522034256765758983e+03
4.037727876203416599e+01
