1.446381734497165401e-02
4.460456947309239251e-01
-3.484315889763588830e-02
-6.234447639836131483e-01
2.495714022689214384e-01
-2.073659190500538596e-01
-7.043946413810043827e-01
7.720721247056341885e-02
-2.555279205117660934e-01
-2.901678572768780495e-01
4.504096333324316692e-01
-1.190186617557886239e-01
-7.672982792761933180e-01
3.084176314586128398e-01
-2.927697603481281552e-02
-2.924419797183170355e-01
3.312158314594251807e-01
2.451319451038676545e-01
-5.643281919874478803e-01
2.117786784507640629e-01
-1.407182161779402252e-01
1.212752737387187835e-01
-1.762081433387909235e-01
-3.938048945909541909e-02
-4.360126683520758051e-01
-4.335837169509881850e-01
-2.847862801252000753e-01
-1.116013105569445413e-01
2.697790855953101086e-01
1.878587596307620955e-02
4.449576144650003173e-01
1.514455795622276810e+03
4.717937003628227899e+01
