-4.635741164808565573e-01
5.696682627312307234e-01
1.984582333828916467e-01
-6.452521607422777583e-01
-2.391321059824817741e-01
-1.645128203672503731e-01
1.414987411270358193e-03
-2.800583314315411854e-01
-2.993832284094360974e-01
-3.876112689010717260e-01
-2.561336638071279870e-01
-2.248231644456290257e-01
-2.943590788965542715e-01
-1.048092516291402598e-01
1.847640266906737036e-02
-2.338452397051609954e-01
6.950736783766287008e-01
1.787996527654266143e-01
-5.418092612719402901e-01
-2.198474983436295160e-01
-7.949120408904446211e-02
-7.292420109596650102e-01
-6.325386556248725478e-01
3.156364109025976972e-01
-3.698374490293641070e-01
3.793045876452593168e-01
-5.218634840798826169e-02
3.841117126464453357e-01
1.139112264453440048e+03
5.362274651128969793e+01
