-5.193865280605739487e-01
5.952626248468807502e-01
2.263991717758563338e-01
-7.255799725093895480e-01
-2.965575423390831578e-01
-1.533859545621457099e-01
-1.210926765347535711e-02
-2.786259033872393043e-01
-3.682948111638315591e-01
-4.375695291158840927e-01
-2.634875218059574697e-01
-2.501418861974235575e-01
-3.287229304156787935e-01
-1.094573922681691541e-01
5.444051341180927706e-02
-2.757963795983903732e-01
7.396667974625343867e-01
2.363866243803864897e-01
-6.221822952826439046e-01
-2.461110399864023246e-01
-6.169659541638970734e-02
-8.245049122408575348e-01
-7.385211624257381757e-01
3.613186518537525593e-01
-4.328641337666466749e-01
3.970202165653423654e-01
-7.143451515329574120e-02
3.648701759624045637e-01
1.062298449956423156e+03
4.792201437542102838e+01
