1.341274134807175604e-02
4.828732136380105566e-01
-3.519780135485528483e-02
-6.907535788934783261e-01
2.590102317060890558e-01
-2.234418972370891820e-01
-7.715584322495535607e-01
8.400607531706670572e-02
-2.721051227690802210e-01
-3.292836695405757519e-01
4.930224299035969038e-01
-1.204758816458373905e-01
-8.508987160806298355e-01
3.119815808457984119e-01
-2.811463022735205541e-02
-3.379288028933360444e-01
3.532826800952115764e-01
3.037826093380245895e-01
-6.452293087768307123e-01
2.052048781093598340e-01
-1.317627517563624007e-01
1.118252818464980924e-01
-2.105477740369516293e-01
-5.355024492769339117e-02
-4.583853141914897011e-01
-4.563751617896980584e-01
-3.472797075183509663e-01
-1.451066235523872927e-01
2.706953597000518741e-01
2.197172248457971919e-02
4.247141811565913194e-01
1.446354157316421151e+03
4.347253533313229923e+01
