-5.313151012681354146e-01
-2.145557297593510826e-01
-5.101782133795083884e-02
-7.175544634900699048e-01
-4.178403075067786965e-01
6.139353917676684258e-01
-4.434285155181459381e-01
5.650309775185170524e-01
-1.648281551066579087e-01
-5.853261919755787801e-01
3.672428557492649071e-01
-1.798150728214394783e-02
-4.107904511464118280e-01
5.898858959042097005e-01
-4.366732294458348096e-01
-6.364675220254346621e-01
3.726007902526181637e-01
-8.702028983286010100e-02
-3.241148064389044459e-01
4.591337020442307071e-01
-8.887387437637933596e-02
-2.162781960101862744e-01
3.142133239317070892e-01
9.832043707619590039e-03
5.634765462279889281e-01
2.227944323498164067e+03
3.229333877006511955e+01
